  20101  11012  10101   1   1   4   1     4.0    22.5    59.1
  20102  11012  10101   1   1   4   1     4.0    22.6    52.4
  20103  11012  10101   1   1   4   1     4.0    22.9    61.1
  20104  11012  10101   1   1   4   1     4.0    23.0    57.9
  20112  11012  10101   1   2   4   1     4.0    24.6    69.3
  20113  11012  10101   1   2   4   1     4.0    26.4    66.4
  20114  11012  10101   1   2   4   1     4.0    24.1    61.6
  20115  11012  10101   1   2   4   1     4.0    24.3    68.3
  20302  10614  10506   1   1   7   2     7.0    23.6    60.1
  20303  10614  10506   1   1   7   2     7.0    24.2    60.8
  20304  10614  10506   1   1   7   2     7.0    22.5    62.8
  20306  10614  10506   1   1   7   2     7.0    22.3    59.4
  20312  10614  10506   1   2   7   2     7.0    23.7    66.9
  20313  10614  10506   1   2   7   2     7.0    27.5    72.9
  20314  10614  10506   1   2   7   2     7.0    17.3    58.4
  20401  10813  10701   1   1   2   3     2.0    20.3    58.1
  20402  10813  10701   1   1   2   3     2.0    21.3    58.7
  20403  10813  10701   1   1   2   3     2.0    21.9    53.2
  20404  10813  10701   1   1   2   3     2.0    22.1    57.1
  20413  10813  10701   1   2   2   3     2.0    28.8    62.5
  20501  11012  10902   1   1   7   4     7.0    18.9    59.3
  20503  11012  10902   1   1   7   4     7.0    23.2    69.0
  20504  11012  10902   1   1   7   4     7.0    23.8    64.6
  20505  11012  10902   1   1   7   4     7.0    27.9    60.7
  20512  11012  10902   1   2   7   4     7.0    21.6    68.4
  20513  11012  10902   1   2   7   4     7.0    25.9    73.0
  20514  11012  10902   1   2   7   4     7.0    27.6    73.2
  20601  11217  11103   1   1   7   5     7.0    24.4    63.6
  20603  11217  11103   1   1   7   5     7.0    21.7    62.6
  20605  11217  11103   1   1   7   5     7.0    19.7    62.1
  20607  11217  11103   1   1   7   5     7.0    19.9    63.8
  20612  11217  11103   1   2   7   5     7.0    18.6    70.6
  20613  11217  11103   1   2   7   5     7.0    25.4    76.3
  20614  11217  11103   1   2   7   5     7.0    20.2    76.6
  20615  11217  11103   1   2   7   5     7.0    23.6    73.5
  20801  11614  11505   1   1   5   6     5.0    17.3    61.0
  20802  11614  11505   1   1   5   6     5.0    17.2    60.7
  20803  11614  11505   1   1   5   6     5.0    14.6    59.3
  20804  11614  11505   1   1   5   6     5.0    17.3    59.4
  20812  11614  11505   1   2   5   6     5.0    19.2    70.9
  20813  11614  11505   1   2   5   6     5.0    18.8    73.4
  20814  11614  11505   1   2   5   6     5.0    18.0    68.9
  20815  11614  11505   1   2   5   6     5.0    24.0    71.8
  21001  10313  10404   1   1   4   7     4.0    19.2    56.5
  21003  10313  10404   1   1   4   7     4.0    23.8    65.5
  21004  10313  10404   1   1   4   7     4.0    22.5    58.2
  21006  10313  10404   1   1   4   7     4.0    23.1    55.4
  21012  10313  10404   1   2   4   7     4.0    27.1    65.4
  21013  10313  10404   1   2   4   7     4.0    34.5    65.1
  21014  10313  10404   1   2   4   7     4.0    28.1    67.7
  21101  10512  10602   1   1   5   8     5.0    25.5    60.6
  21102  10512  10602   1   1   5   8     5.0    24.1    54.9
  21103  10512  10602   1   1   5   8     5.0    27.3    56.0
  21112  10512  10602   1   2   5   8     5.0    26.7    60.2
  21113  10512  10602   1   2   5   8     5.0    31.5    66.4
  21115  10512  10602   1   2   5   8     5.0    25.3    60.8
  21116  10512  10602   1   2   5   8     5.0    29.9    64.8
  21201  10715  10801   1   1   4   9     4.0    23.8    58.3
  21202  10715  10801   1   1   4   9     4.0    20.1    60.9
  21203  10715  10801   1   1   4   9     4.0    21.5    52.7
  21212  10715  10801   1   2   4   9     4.0    24.6    60.2
  21213  10715  10801   1   2   4   9     4.0    27.6    68.1
  21215  10715  10801   1   2   4   9     4.0    21.8    57.5
  21216  10715  10801   1   2   4   9     4.0    25.2    62.7
  21301  10917  11002   1   1   5  10     5.0    25.8    62.2
  21302  10917  11002   1   1   5  10     5.0    28.1    60.1
  21303  10917  11002   1   1   5  10     5.0    25.5    62.6
  21304  10917  11002   1   1   5  10     5.0    23.1    60.0
  21312  10917  11002   1   2   5  10     5.0    28.8    66.9
  21313  10917  11002   1   2   5  10     5.0    33.8    70.8
  21314  10917  11002   1   2   5  10     5.0    31.6    68.9
  21315  10917  11002   1   2   5  10     5.0    30.3    75.0
  21401  11115  11204   1   1   4  11     4.0    23.7    62.7
  21402  11115  11204   1   1   4  11     4.0    22.9    62.4
  21403  11115  11204   1   1   4  11     4.0    21.8    58.4
  21412  11115  11204   1   2   4  11     4.0    24.2    61.7
  21413  11115  11204   1   2   4  11     4.0    23.6    61.2
  21416  11115  11204   1   2   4  11     4.0    24.9    65.1
  21417  11115  11204   1   2   4  11     4.0    19.5    60.9
  21501  11316  11404   1   1   2  12     2.0    22.5    59.2
  21502  11316  11404   1   1   2  12     2.0    23.4    55.9
  21503  11316  11404   1   1   2  12     2.0    21.4    57.8
  21504  11316  11404   1   1   2  12     2.0    22.7    57.5
  21512  11316  11404   1   2   2  12     2.0    26.3    66.1
  21513  11316  11404   1   2   2  12     2.0    24.5    61.3
  21601  11515  11603   1   1   5  13     5.0    21.7    53.6
  21602  11515  11603   1   1   5  13     5.0    23.8    61.3
  21603  11515  11603   1   1   5  13     5.0    18.1    52.8
  21604  11515  11603   1   1   5  13     5.0    22.0    61.0
  21612  11515  11603   1   2   5  13     5.0    25.2    60.7
  21614  11515  11603   1   2   5  13     5.0    26.8    63.8
  21615  11515  11603   1   2   5  13     5.0    26.4    62.2
  21616  11515  11603   1   2   5  13     5.0    26.0    68.5
  30201  20413  20304   2   1   6  14     6.0    23.9    59.6
  30202  20413  20304   2   1   6  14     6.0    24.3    53.3
  30203  20413  20304   2   1   6  14     6.0    23.5    55.2
  30204  20413  20304   2   1   6  14     6.0    21.7    54.6
  30212  20413  20304   2   2   6  14     6.0    24.2    64.7
  30213  20413  20304   2   2   6  14     6.0    26.8    67.3
  30215  20413  20304   2   2   6  14     6.0    26.2    65.6
  30216  20413  20304   2   2   6  14     6.0    23.1    65.1
  30301  20614  20503   2   1   1  15     1.0    24.5    55.1
  30302  20614  20503   2   1   1  15     1.0    26.0    52.1
  30303  20614  20503   2   1   1  15     1.0    24.4    54.0
  30312  20614  20503   2   2   1  15     1.0    26.7    63.6
  30401  20813  21503   2   1   5  16     5.0    16.2    58.8
  30402  20813  21503   2   1   5  16     5.0    18.8    64.2
  30403  20813  21503   2   1   5  16     5.0    17.3    60.0
  30404  20813  21503   2   1   5  16     5.0    19.7    58.0
  30412  20813  21503   2   2   5  16     5.0    21.5    70.4
  30413  20813  21503   2   2   5  16     5.0    20.0    68.7
  30414  20813  21503   2   2   5  16     5.0    20.3    69.9
  30415  20813  21503   2   2   5  16     5.0    19.1    66.6
  30601  21213  21101   2   1   5  17     5.0    25.4    59.0
  30602  21213  21101   2   1   5  17     5.0    24.4    60.0
  30603  21213  21101   2   1   5  17     5.0    25.7    58.4
  30604  21213  21101   2   1   5  17     5.0    26.7    59.7
  30612  21213  21101   2   2   5  17     5.0    30.3    69.4
  30613  21213  21101   2   2   5  17     5.0    31.4    68.2
  30701  21416  21303   2   1   5  18     5.0    21.9    65.7
  30702  21416  21303   2   1   5  18     5.0    25.2    63.8
  30703  21416  21303   2   1   5  18     5.0    22.2    62.7
  30705  21416  21303   2   1   5  18     5.0    22.0    63.0
  30713  21416  21303   2   2   5  18     5.0    26.1    71.5
  30714  21416  21303   2   2   5  18     5.0    26.4    78.0
  30715  21416  21303   2   2   5  18     5.0    23.7    70.4
  30716  21416  21303   2   2   5  18     5.0    23.3    69.6
  30801  21616  21501   2   1   3  19     3.0    21.5    48.6
  30802  21616  21501   2   1   3  19     3.0    20.9    61.6
  30812  21616  21501   2   2   3  19     3.0    25.8    75.4
  30814  21616  21501   2   2   3  19     3.0    26.1    69.7
  30815  21616  21501   2   2   3  19     3.0    26.2    71.5
  30817  21616  21501   2   2   3  19     3.0    28.0    76.4
  30901  20115  21004   2   1   2  20     2.0    23.3    56.9
  30902  20115  21004   2   1   2  20     2.0    25.2    69.1
  30904  20115  21004   2   1   2  20     2.0    24.2    62.6
  30912  20115  21004   2   2   2  20     2.0    23.6    67.6
  30913  20115  21004   2   2   2  20     2.0    28.2    66.1
  30914  20115  21004   2   2   2  20     2.0    25.9    67.5
  31101  20514  20607   2   1   3  21     3.0    19.6    70.9
  31103  20514  20607   2   1   3  21     3.0    22.4    67.9
  31105  20514  20607   2   1   3  21     3.0    23.2    71.0
  31106  20514  20607   2   1   3  21     3.0    22.5    61.8
  31201  21513  20801   2   1   2  22     2.0    20.0    53.4
  31202  21513  20801   2   1   2  22     2.0    18.7    46.9
  31203  21513  20801   2   1   2  22     2.0    19.5    59.1
  31212  21513  20801   2   2   2  22     2.0    21.1    60.8
  31213  21513  20801   2   2   2  22     2.0    24.7    69.1
  31214  21513  20801   2   2   2  22     2.0    22.2    59.0
  31301  20112  21003   2   1   5  23     5.0    23.1    57.0
  31302  20112  21003   2   1   5  23     5.0    22.9    63.8
  31304  20112  21003   2   1   5  23     5.0    22.1    60.6
  31306  20112  21003   2   1   5  23     5.0    25.7    59.9
  31312  20112  21003   2   2   5  23     5.0    27.1    73.8
  31401  21113  21202   2   1   5  24     5.0    21.4    64.4
  31402  21113  21202   2   1   5  24     5.0    19.9    64.3
  31403  21113  21202   2   1   5  24     5.0    22.9    61.3
  31404  21113  21202   2   1   5  24     5.0    20.7    63.8
  31412  21113  21202   2   2   5  24     5.0    24.2    68.0
  31414  21113  21202   2   2   5  24     5.0    25.0    65.7
  31415  21113  21202   2   2   5  24     5.0    27.0    58.2
  31416  21113  21202   2   2   5  24     5.0    27.2    63.4
  31501  21315  21401   2   1   5  25     5.0    22.2    63.3
  31502  21315  21401   2   1   5  25     5.0    18.4    59.3
  31504  21315  21401   2   1   5  25     5.0    20.6    62.3
  31505  21315  21401   2   1   5  25     5.0    18.9    62.0
  31512  21315  21401   2   2   5  25     5.0    23.3    76.3
  31513  21315  21401   2   2   5  25     5.0    28.9    76.2
  31514  21315  21401   2   2   5  25     5.0    24.4    78.1
  31601  21512  21602   2   1   7  26     7.0    18.9    62.4
  31602  21512  21602   2   1   7  26     7.0    18.8    65.0
  31603  21512  21602   2   1   7  26     7.0    18.1    61.5
  31604  21512  21602   2   1   7  26     7.0    18.8    60.0
  31612  21512  21602   2   2   7  26     7.0    21.4    73.5
  31613  21512  21602   2   2   7  26     7.0    19.9    69.8
  31614  21512  21602   2   2   7  26     7.0    18.6    68.7
  31616  21512  21602   2   2   7  26     7.0    21.2    73.5
  40101  30213  30904   3   1   6  27     6.0    24.6    64.6
  40102  30213  30904   3   1   6  27     6.0    22.6    61.7
  40103  30213  30904   3   1   6  27     6.0    25.5    65.5
  40113  30213  30904   3   2   6  27     6.0    24.7    66.2
  40115  30213  30904   3   2   6  27     6.0    24.9    66.9
  40116  30213  30904   3   2   6  27     6.0    25.6    64.2
  40117  30213  30904   3   2   6  27     6.0    26.0    66.9
  40201  30412  30301   3   1   6  28     6.0    22.7    70.3
  40202  30412  30301   3   1   6  28     6.0    24.4    70.1
  40203  30412  30301   3   1   6  28     6.0    23.8    73.5
  40204  30412  30301   3   1   6  28     6.0    23.9    77.8
  40213  30412  30301   3   2   6  28     6.0    29.1    74.0
  40214  30412  30301   3   2   6  28     6.0    27.0    67.8
  40216  30412  30301   3   2   6  28     6.0    27.1    73.0
  40301  30612  31304   3   1   5  29     5.0    24.5    66.6
  40302  30612  31304   3   1   5  29     5.0    25.3    71.4
  40303  30612  31304   3   1   5  29     5.0    24.4    68.5
  40304  30612  31304   3   1   5  29     5.0    22.9    65.2
  40312  30612  31304   3   2   5  29     5.0    26.4    78.0
  40313  30612  31304   3   2   5  29     5.0    26.0    77.0
  40314  30612  31304   3   2   5  29     5.0    24.4    72.5
  40317  30612  31304   3   2   5  29     5.0    27.5    74.7
  40401  30817  30701   3   1   6  30     6.0    19.9    64.0
  40402  30817  30701   3   1   6  30     6.0    17.5    59.8
  40403  30817  30701   3   1   6  30     6.0    20.3    66.8
  40404  30817  30701   3   1   6  30     6.0    22.1    68.9
  40413  30817  30701   3   2   6  30     6.0    22.8    69.0
  40414  30817  30701   3   2   6  30     6.0    25.7    70.2
  40416  30817  30701   3   2   6  30     6.0    30.5    82.1
  40417  30817  30701   3   2   6  30     6.0    24.8    73.1
  40501  30215  30902   3   1   6  31     6.0    27.2    69.1
  40502  30215  30902   3   1   6  31     6.0    23.0    60.4
  40503  30215  30902   3   1   6  31     6.0    26.6    55.3
  40512  30215  30902   3   2   6  31     6.0    28.0    70.0
  40513  30215  30902   3   2   6  31     6.0    26.2    66.8
  40514  30215  30902   3   2   6  31     6.0    20.8    56.6
  40515  30215  30902   3   2   6  31     6.0    26.4    58.4
  40601  31212  31105   3   1   6  32     6.0    22.4    65.0
  40602  31212  31105   3   1   6  32     6.0    22.0    64.2
  40603  31212  31105   3   1   6  32     6.0    23.0    65.0
  40605  31212  31105   3   1   6  32     6.0    20.5    66.7
  40613  31212  31105   3   2   6  32     6.0    26.8    74.5
  40614  31212  31105   3   2   6  32     6.0    22.3    74.2
  40615  31212  31105   3   2   6  32     6.0    26.6    66.4
  40616  31212  31105   3   2   6  32     6.0    24.0    66.5
  40701  31412  31302   3   1   2  33     2.0    21.9    59.8
  40702  31412  31302   3   1   2  33     2.0    21.3    57.3
  40703  31412  31302   3   1   2  33     2.0    22.7    62.4
  40712  31412  31302   3   2   2  33     2.0    27.1    63.5
  40713  31412  31302   3   2   2  33     2.0    26.3    66.3
  40714  31412  31302   3   2   2  33     2.0    24.6    59.6
  40812  31612  31501   3   2   1  34     1.0    31.5    61.6
  40813  31612  31501   3   2   1  34     1.0    33.8    58.5
  40902  30914  30201   3   1   5  35     5.0    25.2    69.1
  40904  30914  30201   3   1   5  35     5.0    24.8    73.7
  40905  30914  30201   3   1   5  35     5.0    22.8    64.2
  40906  30914  30201   3   1   5  35     5.0    23.2    63.7
  40912  30914  30201   3   2   5  35     5.0    30.4    64.6
  40913  30914  30201   3   2   5  35     5.0    29.9    65.4
  40914  30914  30201   3   2   5  35     5.0    31.0    62.2
  41001  30312  30402   3   1   1  36     1.0    26.1    62.8
  41002  30312  30402   3   1   1  36     1.0    24.0    64.0
  41003  30312  30402   3   1   1  36     1.0    20.5    51.3
  41004  30312  30402   3   1   1  36     1.0    27.7    59.3
  41012  30312  30402   3   2   1  36     1.0    27.5    59.6
  41101  30914  30602   3   1   2  37     2.0    24.3    61.3
  41102  30914  30602   3   1   2  37     2.0    25.5    59.8
  41103  30914  30602   3   1   2  37     2.0    22.7    60.0
  41104  30914  30602   3   1   2  37     2.0    22.1    57.4
  41112  30914  30602   3   2   2  37     2.0    25.3    68.6
  41113  30914  30602   3   2   2  37     2.0    31.1    67.4
  41201  30714  30802   3   1   3  38     3.0    26.0    65.7
  41202  30714  30802   3   1   3  38     3.0    26.2    65.4
  41203  30714  30802   3   1   3  38     3.0    26.3    59.6
  41212  30714  30802   3   2   3  38     3.0    24.3    61.7
  41214  30714  30802   3   2   3  38     3.0    28.6    64.4
  41215  30714  30802   3   2   3  38     3.0    25.7    58.2
  41216  30714  30802   3   2   3  38     3.0    27.8    67.4
  41301  30912  30203   3   1   4  39     4.0    24.1    65.1
  41302  30912  30203   3   1   4  39     4.0    21.4    59.3
  41304  30912  30203   3   1   4  39     4.0    24.2    57.1
  41305  30912  30203   3   1   4  39     4.0    23.1    56.7
  41312  30912  30203   3   2   4  39     4.0    24.1    57.7
  41313  30912  30203   3   2   4  39     4.0    26.0    68.6
  41314  30912  30203   3   2   4  39     4.0    28.2    67.9
  41401  30713  31203   3   1   2  40     2.0    24.2    63.6
  41402  30713  31203   3   1   2  40     2.0    23.1    59.5
  41412  30713  31203   3   2   2  40     2.0    24.0    69.4
  41413  30713  31203   3   2   2  40     2.0    24.5    67.2
  41414  30713  31203   3   2   2  40     2.0    27.0    65.6
  41415  30713  31203   3   2   2  40     2.0    23.1    70.5
  41501  31312  31401   3   1   5  41     5.0    23.7    64.3
  41502  31312  31401   3   1   5  41     5.0    23.7    64.5
  41503  31312  31401   3   1   5  41     5.0    23.7    68.0
  41504  31312  31401   3   1   5  41     5.0    26.2    67.1
  41512  31312  31401   3   2   5  41     5.0    28.2    65.0
  41513  31312  31401   3   2   5  41     5.0    26.6    65.5
  41516  31312  31401   3   2   5  41     5.0    31.0    71.4
  41517  31312  31401   3   2   5  41     5.0    30.4    67.7
  41601  31514  31602   3   1   3  42     3.0    23.6    62.6
  41602  31514  31602   3   1   3  42     3.0    25.5    67.7
  41603  31514  31602   3   1   3  42     3.0    23.7    62.1
  41604  31514  31602   3   1   3  42     3.0    25.1    62.8
  41612  31514  31602   3   2   3  42     3.0    23.3    66.6
  41613  31514  31602   3   2   3  42     3.0    26.0    60.6
  41614  31514  31602   3   2   3  42     3.0    27.0    65.2
  41615  31514  31602   3   2   3  42     3.0    26.3    60.7