 20101 11012 10101  
 11012   615   701  
 10101     0     0  
 20102 11012 10101  
 20103 11012 10101  
 20104 11012 10101  
 20112 11012 10101  
 20113 11012 10101  
 20114 11012 10101  
 20115 11012 10101  
 20302 10614 10506  
 10614  2315  2201  
 10506  1813  1701  
 20303 10614 10506  
 20304 10614 10506  
 20306 10614 10506  
 20312 10614 10506  
 20313 10614 10506  
 20314 10614 10506  
 20401 10813 10701  
 10813  3015  2904  
 10701  2512  2401  
 20402 10813 10701  
 20403 10813 10701  
 20404 10813 10701  
 20413 10813 10701  
 20501 11012 10902  
 10902   215   403  
 20503 11012 10902  
 20504 11012 10902  
 20505 11012 10902  
 20512 11012 10902  
 20513 11012 10902  
 20514 11012 10902  
 20601 11217 11103  
 11217  1314  1602  
 11103   814   904  
 20603 11217 11103  
 20605 11217 11103  
 20607 11217 11103  
 20612 11217 11103  
 20613 11217 11103  
 20614 11217 11103  
 20615 11217 11103  
 20801 11614 11505  
 11614  2914  3003  
 11505  2416  2503  
 20802 11614 11505  
 20803 11614 11505  
 20804 11614 11505  
 20812 11614 11505  
 20813 11614 11505  
 20814 11614 11505  
 20815 11614 11505  
 21001 10313 10404  
 10313     0     0  
 10404     0     0  
 21003 10313 10404  
 21004 10313 10404  
 21006 10313 10404  
 21012 10313 10404  
 21013 10313 10404  
 21014 10313 10404  
 21101 10512 10602  
 10512  1813  1701  
 10602  2315  2201  
 21102 10512 10602  
 21103 10512 10602  
 21112 10512 10602  
 21113 10512 10602  
 21115 10512 10602  
 21116 10512 10602  
 21201 10715 10801  
 10715  2512  2401  
 10801  3015  2904  
 21202 10715 10801  
 21203 10715 10801  
 21212 10715 10801  
 21213 10715 10801  
 21215 10715 10801  
 21216 10715 10801  
 21301 10917 11002  
 10917   215   403  
 11002   615   701  
 21302 10917 11002  
 21303 10917 11002  
 21304 10917 11002  
 21312 10917 11002  
 21313 10917 11002  
 21314 10917 11002  
 21315 10917 11002  
 21401 11115 11204  
 11115   814   904  
 11204  1314  1602  
 21402 11115 11204  
 21403 11115 11204  
 21412 11115 11204  
 21413 11115 11204  
 21416 11115 11204  
 21417 11115 11204  
 21501 11316 11404  
 11316     0     0  
 11404     0     0  
 21502 11316 11404  
 21503 11316 11404  
 21504 11316 11404  
 21512 11316 11404  
 21513 11316 11404  
 21601 11515 11603  
 11515  2416  2503  
 11603  2914  3003  
 21602 11515 11603  
 21603 11515 11603  
 21604 11515 11603  
 21612 11515 11603  
 21614 11515 11603  
 21615 11515 11603  
 21616 11515 11603  
 30201 20413 20304  
 30202 20413 20304  
 30203 20413 20304  
 30204 20413 20304  
 30212 20413 20304  
 30213 20413 20304  
 30215 20413 20304  
 30216 20413 20304  
 30301 20614 20503  
 30302 20614 20503  
 30303 20614 20503  
 30312 20614 20503  
 30401 20813 21503  
 30402 20813 21503  
 30403 20813 21503  
 30404 20813 21503  
 30412 20813 21503  
 30413 20813 21503  
 30414 20813 21503  
 30415 20813 21503  
 30601 21213 21101  
 30602 21213 21101  
 30603 21213 21101  
 30604 21213 21101  
 30612 21213 21101  
 30613 21213 21101  
 30701 21416 21303  
 30702 21416 21303  
 30703 21416 21303  
 30705 21416 21303  
 30713 21416 21303  
 30714 21416 21303  
 30715 21416 21303  
 30716 21416 21303  
 30801 21616 21501  
 30802 21616 21501  
 30812 21616 21501  
 30814 21616 21501  
 30815 21616 21501  
 30817 21616 21501  
 30901 20115 21004  
 30902 20115 21004  
 30904 20115 21004  
 30912 20115 21004  
 30913 20115 21004  
 30914 20115 21004  
 31101 20514 20607  
 31103 20514 20607  
 31105 20514 20607  
 31106 20514 20607  
 31201 21513 20801  
 31202 21513 20801  
 31203 21513 20801  
 31212 21513 20801  
 31213 21513 20801  
 31214 21513 20801  
 31301 20112 21003  
 31302 20112 21003  
 31304 20112 21003  
 31306 20112 21003  
 31312 20112 21003  
 31401 21113 21202  
 31402 21113 21202  
 31403 21113 21202 
 31404 21113 21202  
 31412 21113 21202  
 31414 21113 21202  
 31415 21113 21202  
 31416 21113 21202  
 31501 21315 21401  
 31502 21315 21401  
 31504 21315 21401  
 31505 21315 21401  
 31512 21315 21401  
 31513 21315 21401  
 31514 21315 21401  
 31601 21512 21602  
 31602 21512 21602  
 31603 21512 21602  
 31604 21512 21602  
 31612 21512 21602  
 31613 21512 21602  
 31614 21512 21602  
 31616 21512 21602  
 40101 30213 30904  
 40102 30213 30904  
 40103 30213 30904  
 40113 30213 30904  
 40115 30213 30904  
 40116 30213 30904  
 40117 30213 30904  
 40201 30412 30301  
 40202 30412 30301  
 40203 30412 30301  
 40204 30412 30301  
 40213 30412 30301  
 40214 30412 30301  
 40216 30412 30301  
 40301 30612 31304  
 40302 30612 31304  
 40303 30612 31304  
 40304 30612 31304  
 40312 30612 31304  
 40313 30612 31304  
 40314 30612 31304  
 40317 30612 31304  
 40401 30817 30701  
 40402 30817 30701  
 40403 30817 30701  
 40404 30817 30701  
 40413 30817 30701  
 40414 30817 30701  
 40416 30817 30701  
 40417 30817 30701  
 40501 30215 30902  
 40502 30215 30902  
 40503 30215 30902  
 40512 30215 30902  
 40513 30215 30902  
 40514 30215 30902  
 40515 30215 30902  
 40601 31212 31105  
 40602 31212 31105  
 40603 31212 31105  
 40605 31212 31105  
 40613 31212 31105  
 40614 31212 31105  
 40615 31212 31105  
 40616 31212 31105  
 40701 31412 31302  
 40702 31412 31302  
 40703 31412 31302  
 40712 31412 31302  
 40713 31412 31302  
 40714 31412 31302  
 40812 31612 31501  
 40813 31612 31501  
 40902 30914 30201  
 40904 30914 30201  
 40905 30914 30201  
 40906 30914 30201  
 40912 30914 30201  
 40913 30914 30201  
 40914 30914 30201  
 41001 30312 30402  
 41002 30312 30402  
 41003 30312 30402  
 41004 30312 30402  
 41012 30312 30402  
 41101 30914 30602  
 41102 30914 30602  
 41103 30914 30602  
 41104 30914 30602  
 41112 30914 30602  
 41113 30914 30602  
 41201 30714 30802  
 41202 30714 30802  
 41203 30714 30802  
 41212 30714 30802  
 41214 30714 30802  
 41215 30714 30802  
 41216 30714 30802  
 41301 30912 30203  
 41302 30912 30203  
 41304 30912 30203  
 41305 30912 30203  
 41312 30912 30203  
 41313 30912 30203  
 41314 30912 30203  
 41401 30713 31203  
 41402 30713 31203  
 41412 30713 31203  
 41413 30713 31203  
 41414 30713 31203  
 41415 30713 31203  
 41501 31312 31401  
 41502 31312 31401  
 41503 31312 31401  
 41504 31312 31401  
 41512 31312 31401  
 41513 31312 31401  
 41516 31312 31401  
 41517 31312 31401  
 41601 31514 31602  
 41602 31514 31602  
 41603 31514 31602  
 41604 31514 31602  
 41612 31514 31602  
 41613 31514 31602  
 41614 31514 31602  
 41615 31514 31602  
